year	talalunga_n	talalunga_dens	id
2001	0	0	1
2001	0	0	2
2001	0	0	3
2001	0	0	4
2001	1	0.00962463907603465	5
2001	0	0	6
2001	0	0	7
2001	0	0	8
2001	1	0.0046339202965709	9
2001	0	0	10
2001	0	0	11
2001	0	0	12
2001	0	0	13
2001	0	0	14
2001	0	0	15
2001	0	0	16
2001	0	0	17
2001	1	0.00543478260869565	18
2001	1	0.00546448087431694	19
2001	0	0	20
2001	0	0	21
2001	0	0	22
2001	0	0	23
2001	0	0	24
2001	0	0	25
2001	0	0	26
2001	0	0	27
2001	0	0	28
2001	0	0	29
2001	2	0.0168918918918919	30
2001	0	0	31
2001	0	0	32
2001	0	0	33
2001	0	0	34
2001	0	0	35
2001	0	0	36
2001	0	0	37
2001	0	0	38
2001	1	0.0091324200913242	39
2001	0	0	40
2001	0	0	41
2001	0	0	42
2001	7	0.0449582530507386	43
2001	0	0	44
2001	0	0	45
2001	0	0	46
2001	0	0	47
2001	1	0.00628140703517588	48
2001	0	0	49
2001	4	0.0282485875706215	50
2001	0	0	51
2001	0	0	52
2001	0	0	53
2001	3	0.0103483959986202	54
2001	0	0	55
2001	4	0.0274160383824537	56
2001	0	0	57
2001	0	0	58
2001	0	0	59
2001	0	0	60
2001	0	0	61
2001	40	0.240384615384615	62
2001	1	0.00519480519480519	63
2001	0	0	64
2001	0	0	65
2001	0	0	66
2001	4	0.0296296296296296	67
2001	0	0	68
2001	0	0	69
2001	0	0	70
2001	0	0	71
2001	30	0.180722891566265	72
2001	4	0.0223588596981554	73
2001	1	0.00408329930583912	74
2001	3	0.011454753722795	75
2001	2	0.0089126559714795	76
2001	3	0.0158982511923688	77
2001	0	0	78
2001	1	0.00559910414333707	79
2001	0	0	80
2001	0	0	81
2001	1	0.00510464522715671	82
2001	0	0	83
2001	0	0	84
2001	0	0	85
2001	0	0	86
2001	3	0.0128755364806867	87
2001	0	0	88
2001	0	0	89
2001	0	0	90
2001	0	0	91
2001	0	0	92
2001	0	0	93
2001	0	0	94
2001	0	0	95
2001	0	0	96
2001	0	0	97
2001	0	0	98
2001	0	0	99
2001	0	0	100
2001	0	0	101
2001	0	0	102
2001	0	0	103
2001	0	0	104
2001	0	0	105
2001	0	0	106
2001	0	0	107
2001	0	0	108
2001	0	0	109
2001	0	0	110
2001	0	0	111
2001	0	0	112
2001	0	0	113
2001	0	0	114
2001	0	0	115
2001	0	0	116
2001	0	0	117
2001	0	0	118
2001	0	0	119
2001	0	0	120
2001	0	0	121
2001	0	0	122
2001	0	0	123
2001	0	0	124
2001	0	0	125
2001	0	0	126
2001	3	0.0185643564356436	127
2001	0	0	128
2001	7	0.0385674931129477	129
2001	13	0.0645161290322581	130
2001	1	0.00457247370827618	131
2001	0	0	132
2001	9	0.0551470588235294	133
2001	0	0	134
2001	3	0.0189633375474083	135
2001	0	0	136
2001	0	0	137
2001	1	0.006265664160401	138
2001	2	0.0126742712294043	139
2001	0	0	140
2001	0	0	141
2001	0	0	142
2001	0	0	143
2001	0	0	144
2001	0	0	145
2001	2	0.0111982082866741	146
2001	0	0	147
2001	0	0	148
2001	1	0.00706713780918728	149
2001	0	0	150
2001	0	0	151
2001	0	0	152
2001	0	0	153
2001	0	0	154
2001	0	0	155
2002	0	0	156
2002	4	0.0198906016907011	157
2002	0	0	158
2002	1	0.00460829493087558	159
2002	0	0	160
2002	0	0	161
2002	0	0	162
2002	3	0.015205271160669	163
2002	0	0	164
2002	0	0	165
2002	0	0	166
2002	0	0	167
2002	0	0	168
2002	0	0	169
2003	0	0	170
2003	2	0.0107469102632993	171
2003	0	0	172
2003	0	0	173
2003	0	0	174
2003	1	0.00561167227833895	175
2003	0	0	176
2002	0	0	177
2002	0	0	178
2002	0	0	179
2002	0	0	180
2002	0	0	181
2002	4	0.0216216216216216	182
2002	0	0	183
2002	0	0	184
2002	9	0.041341295360588	185
2002	0	0	186
2002	0	0	187
2002	0	0	188
2002	0	0	189
2002	0	0	190
2002	0	0	191
2002	0	0	192
2002	3	0.0152671755725191	193
2002	0	0	194
2002	0	0	195
2002	0	0	196
2002	0	0	197
2002	2	0.0104766893661603	198
2002	0	0	199
2002	0	0	200
2002	0	0	201
2002	0	0	202
2002	0	0	203
2002	0	0	204
2002	0	0	205
2002	0	0	206
2002	0	0	207
2002	0	0	208
2002	0	0	209
2002	0	0	210
2002	0	0	211
2002	0	0	212
2002	0	0	213
2002	1	0.00593119810201661	214
2002	0	0	215
2002	0	0	216
2002	0	0	217
2002	0	0	218
2002	3	0.018450184501845	219
2002	2	0.0109829763866008	220
2002	0	0	221
2002	0	0	222
2002	4	0.0220994475138122	223
2002	0	0	224
2002	0	0	225
2002	7	0.0306077831219939	226
2002	0	0	227
2002	0	0	228
2002	0	0	229
2002	0	0	230
2002	0	0	231
2002	0	0	232
2002	0	0	233
2002	7	0.0386313465783664	234
2002	0	0	235
2002	0	0	236
2002	13	0.0615530303030303	237
2002	1	0.00518941359626362	238
2002	0	0	239
2002	0	0	240
2002	2	0.0100300902708124	241
2002	0	0	242
2002	0	0	243
2002	2	0.0109649122807018	244
2002	0	0	245
2002	0	0	246
2002	0	0	247
2003	0	0	248
2003	0	0	249
2003	0	0	250
2003	0	0	251
2003	0	0	252
2003	0	0	253
2003	0	0	254
2003	0	0	255
2003	0	0	256
2003	0	0	257
2003	0	0	258
2003	1	0.00803212851405622	259
2003	3	0.0199203187250996	260
2003	1	0.00490918016691213	261
2003	0	0	262
2003	0	0	263
2003	0	0	264
2003	1	0.00705218617771509	265
2003	0	0	266
2003	0	0	267
2003	0	0	268
2003	0	0	269
2003	0	0	270
2003	0	0	271
2003	0	0	272
2003	0	0	273
2003	0	0	274
2003	0	0	275
2003	1	0.00856898029134533	276
2003	1	0.00912408759124088	277
2003	1	0.00667556742323097	278
2003	0	0	279
2003	0	0	280
2003	0	0	281
2003	0	0	282
2003	0	0	283
2003	0	0	284
2003	0	0	285
2003	0	0	286
2003	0	0	287
2003	0	0	288
2003	2	0.00849617672047579	289
2003	0	0	290
2003	0	0	291
2003	1	0.0094876660341556	292
2003	0	0	293
2003	2	0.0129617627997408	294
2003	1	0.00827814569536424	295
2003	1	0.00916590284142988	296
2003	0	0	297
2003	0	0	298
2003	0	0	299
2003	0	0	300
2003	0	0	301
2003	0	0	302
2003	0	0	303
2003	0	0	304
2003	1	0.00598444045481748	305
2003	0	0	306
2003	0	0	307
2003	0	0	308
2003	0	0	309
2003	0	0	310
2003	0	0	311
2003	0	0	312
2003	1	0.00727272727272727	313
2003	0	0	314
2003	0	0	315
2003	0	0	316
2003	1	0.00744047619047619	317
2003	0	0	318
2003	0	0	319
2003	4	0.0339270568278202	320
2003	0	0	321
2003	3	0.0248344370860927	322
2003	0	0	323
2003	7	0.0383771929824561	324
2003	0	0	325
2003	1	0.00761614623000762	326
2003	3	0.0175953079178886	327
2003	0	0	328
2003	0	0	329
2003	1	0.00442086648983201	330
2003	0	0	331
2003	9	0.0795755968169761	332
2003	0	0	333
2003	0	0	334
2003	2	0.00789889415481833	335
2003	1	0.00333778371161549	336
2003	3	0.0410958904109589	337
2003	3	0.0209643605870021	338
2003	0	0	339
2003	0	0	340
2003	2	0.0114351057747284	341
2003	7	0.035677879714577	342
2003	0	0	343
2003	0	0	344
2003	0	0	345
2003	4	0.0202224469160768	346
2003	0	0	347
2003	0	0	348
2003	0	0	349
2003	0	0	350
2003	3	0.0192184497117233	351
2003	28	0.174454828660436	352
2003	0	0	353
2003	9	0.0448654037886341	354
2003	1	0.005005005005005	355
2003	1	0.00493583415597236	356
2003	1	0.00638977635782748	357
2003	1	0.00767459708365311	358
2003	0	0	359
2003	0	0	360
2003	0	0	361
2003	8	0.0569395017793594	362
2003	0	0	363
2003	1	0.00931966449207829	364
2003	5	0.0364166059723234	365
2003	0	0	366
2003	0	0	367
2003	1	0.00556792873051225	368
2003	0	0	369
2003	11	0.0623936471922859	370
2003	0	0	371
2003	1	0.0087719298245614	372
2003	0	0	373
2003	0	0	374
2003	0	0	375
2003	0	0	376
2003	0	0	377
2003	0	0	378
2003	1	0.00519480519480519	379
2003	0	0	380
2003	1	0.00738007380073801	381
2003	0	0	382
2003	16	0.0768861124459395	383
2003	3	0.0158311345646438	384
2003	0	0	385
2003	13	0.0871313672922252	386
2003	2	0.0125707102451289	387
2003	2	0.0152905198776758	388
2003	4	0.0228050171037628	389
2003	5	0.0297973778307509	390
2003	1	0.00714285714285714	391
2003	1	0.00685871056241427	392
2003	11	0.0795947901591896	393
2003	30	0.206469373709566	394
2003	1	0.00496031746031746	395
2003	3	0.0186104218362283	396
2003	0	0	397
2003	0	0	398
2003	6	0.0307062436028659	399
2003	10	0.0902527075812274	400
2003	0	0	401
2003	0	0	402
2003	0	0	403
2003	0	0	404
2003	45	0.341945288753799	405
2003	2	0.0164203612479475	406
2003	6	0.0369230769230769	407
2003	1	0.00733675715333822	408
2003	18	0.146938775510204	409
2003	9	0.0604838709677419	410
2003	20	0.14695077149155	411
2003	13	0.10989010989011	412
2003	1	0.00751314800901578	413
2003	1	0.00707714083510262	414
2003	0	0	415
2003	0	0	416
2003	0	0	417
2003	0	0	418
2003	0	0	419
2003	0	0	420
2003	0	0	421
2003	0	0	422
2003	0	0	423
2003	1	0.00783699059561129	424
2003	6	0.033112582781457	425
2003	0	0	426
2003	2	0.011001100110011	427
2003	0	0	428
2003	0	0	429
2003	0	0	430
2003	4	0.0256904303147078	431
2003	0	0	432
2003	0	0	433
2003	0	0	434
2003	0	0	435
2003	21	0.12188044109112	436
2003	0	0	437
2003	2	0.0132450331125828	438
2005	0	0	439
2005	0	0	440
2005	1	0.00556483027267668	441
2005	0	0	442
2005	0	0	443
2005	0	0	444
2005	0	0	445
2005	0	0	446
2005	0	0	447
2005	0	0	448
2005	0	0	449
2005	0	0	450
2005	5	0.0329815303430079	451
2005	1	0.00771604938271605	452
2005	16	0.105610561056106	453
2005	0	0	454
2005	2	0.0129282482223659	455
2005	1	0.00671591672263264	456
2005	2	0.0110987791342952	457
2005	4	0.0315955766192733	458
2005	47	0.329131652661064	459
2005	3	0.0186799501867995	460
2005	0	0	461
2005	1	0.0061652281134402	462
2005	0	0	463
2005	0	0	464
2005	1	0.00520833333333333	465
2005	1	0.00574712643678161	466
2005	2	0.0117716303708064	467
2005	0	0	468
2005	3	0.0212314225053079	469
2005	6	0.0421644413211525	470
2005	8	0.0464306442251886	471
2005	2	0.0140745953553835	472
2005	7	0.0459619172685489	473
2005	1	0.00582072176949942	474
2005	16	0.0988875154511743	475
2005	21	0.142372881355932	476
2005	1	0.00723589001447178	477
2005	3	0.0203252032520325	478
2005	18	0.101465614430665	479
2005	0	0	480
2005	4	0.0226116449971735	481
2005	3	0.0189155107187894	482
2005	16	0.0916380297823597	483
2005	14	0.0810185185185185	484
2005	5	0.0292740046838407	485
2005	1	0.00657462195923734	486
2005	3	0.0171232876712329	487
2005	1	0.00582072176949942	488
2005	2	0.0129785853341986	489
2005	2	0.0126903553299492	490
2005	0	0	491
2005	8	0.0429876410531972	492
2005	11	0.0681114551083591	493
2005	8	0.0479328939484721	494
2005	6	0.0343839541547278	495
2005	0	0	496
2005	10	0.0592768227622999	497
2005	3	0.0178147268408551	498
2005	0	0	499
2005	1	0.00641025641025641	500
2005	0	0	501
2005	0	0	502
2005	0	0	503
2005	0	0	504
2005	0	0	505
2005	2	0.0133511348464619	506
2005	0	0	507
2005	1	0.00571102227298686	508
2005	3	0.0170745589072282	509
2005	7	0.0520446096654275	510
2005	11	0.0842911877394636	511
2005	0	0	512
2005	2	0.0116211504938989	513
2005	3	0.016260162601626	514
2005	5	0.0323624595469256	515
2005	4	0.026578073089701	516
2005	2	0.0121212121212121	517
2005	14	0.085995085995086	518
2005	20	0.124300807955252	519
2005	2	0.0119545726240287	520
2005	15	0.0785751702462022	521
2005	18	0.120080053368913	522
2005	0	0	523
2005	0	0	524
2005	0	0	525
2005	0	0	526
2005	1	0.00455996352029184	527
2005	0	0	528
2005	0	0	529
2005	0	0	530
2005	2	0.0128040973111396	531
2005	0	0	532
2005	0	0	533
2005	2	0.0102774922918808	534
2005	2	0.010498687664042	535
2005	0	0	536
2005	5	0.0270709258256632	537
2005	1	0.00523560209424084	538
2005	0	0	539
2005	6	0.0394996708360764	540
2005	1	0.00568828213879408	541
2005	0	0	542
2005	2	0.012187690432663	543
2005	2	0.0127145581691036	544
2005	1	0.00632111251580278	545
2005	58	0.33603707995365	546
2005	0	0	547
2005	0	0	548
2005	4	0.0228702115494568	549
2005	1	0.00657462195923734	550
2005	8	0.03613369467028	551
2005	1	0.00440917107583774	552
2005	2	0.0111731843575419	553
2005	4	0.0213106020245072	554
2005	0	0	555
2005	2	0.0113636363636364	556
2005	0	0	557
2005	8	0.0323755564548766	558
2005	0	0	559
2005	0	0	560
2005	1	0.00511247443762781	561
2005	2	0.0117233294255569	562
2005	10	0.03933910306845	563
2005	54	0.225563909774436	564
2005	2	0.0124378109452736	565
2005	6	0.0350877192982456	566
2005	2	0.0138504155124654	567
2005	7	0.0307963044434668	568
2005	3	0.0172910662824208	569
2005	1	0.00533333333333333	570
2005	0	0	571
2005	0	0	572
2005	0	0	573
2005	1	0.00874125874125874	574
2005	0	0	575
2005	4	0.0258899676375405	576
2005	0	0	577
2005	0	0	578
2005	15	0.0782881002087683	579
2005	0	0	580
2005	3	0.0181159420289855	581
2005	1	0.00654878847413229	582
2005	0	0	583
2005	0	0	584
2005	3	0.0147856086742238	585
2005	1	0.00717875089734386	586
2005	0	0	587
2005	0	0	588
2005	0	0	589
2005	2	0.0119760479041916	590
2005	0	0	591
2005	10	0.066006600660066	592
2005	0	0	593
2005	0	0	594
2005	11	0.0712435233160622	595
2005	5	0.0319488817891374	596
2005	0	0	597
2005	1	0.00404367165386171	598
2005	0	0	599
2005	0	0	600
2005	5	0.030902348578492	601
2005	6	0.042674253200569	602
2005	4	0.0192215281114849	603
2005	5	0.0313676286072773	604
2005	8	0.0385170919595571	605
2005	7	0.0427350427350427	606
2005	7	0.037940379403794	607
2005	0	0	608
2005	0	0	609
2005	4	0.023094688221709	610
2005	3	0.0162778079218665	611
2005	4	0.0259067357512953	612
2005	10	0.0603500301750151	613
2005	3	0.0227272727272727	614
2005	2	0.00986193293885602	615
2005	13	0.0803461063040791	616
2005	2	0.0128205128205128	617
2005	17	0.0982658959537572	618
2005	21	0.129071911493546	619
2005	0	0	620
2005	1	0.00708215297450425	621
2005	11	0.0760193503800968	622
2005	0	0	623
2004	0	0	624
2004	0	0	625
2004	0	0	626
2004	0	0	627
2004	0	0	628
2004	0	0	629
2004	1	0.00638162093171666	630
2004	0	0	631
2004	0	0	632
2004	1	0.00784313725490196	633
2004	0	0	634
2004	0	0	635
2004	0	0	636
2004	0	0	637
2004	0	0	638
2004	0	0	639
2004	0	0	640
2004	0	0	641
2004	0	0	642
2004	1	0.00649350649350649	643
2004	0	0	644
2004	0	0	645
2004	0	0	646
2004	0	0	647
2004	0	0	648
2004	0	0	649
2004	0	0	650
2004	0	0	651
2004	0	0	652
2004	5	0.0286697247706422	653
2004	0	0	654
2004	2	0.0108459869848156	655
2004	0	0	656
2004	0	0	657
2004	0	0	658
2004	0	0	659
2004	0	0	660
2004	0	0	661
2004	0	0	662
2004	0	0	663
2004	2	0.0144613159797542	664
2004	0	0	665
2004	0	0	666
2004	1	0.00610500610500611	667
2004	0	0	668
2004	0	0	669
2004	0	0	670
2004	0	0	671
2004	7	0.0446428571428571	672
2004	0	0	673
2004	0	0	674
2004	0	0	675
2004	0	0	676
2004	0	0	677
2004	0	0	678
2004	3	0.0171037628278221	679
2004	1	0.00579038795599305	680
2004	0	0	681
2004	0	0	682
2004	0	0	683
2004	0	0	684
2004	0	0	685
2004	0	0	686
2004	0	0	687
2004	1	0.00702740688685875	688
2004	0	0	689
2004	0	0	690
2004	0	0	691
2004	0	0	692
2004	0	0	693
2004	5	0.0371195248700817	694
2004	0	0	695
2004	0	0	696
2004	0	0	697
2004	0	0	698
2004	2	0.0129366106080207	699
2004	0	0	700
2004	5	0.0300661455201443	701
2004	0	0	702
2004	0	0	703
2004	0	0	704
2004	0	0	705
2004	0	0	706
2004	0	0	707
2004	2	0.0121728545343883	708
2004	1	0.00615384615384615	709
2004	0	0	710
2004	0	0	711
2004	0	0	712
2004	0	0	713
2004	0	0	714
2004	4	0.0231347599768652	715
2004	10	0.0631711939355654	716
2004	2	0.0107991360691145	717
2004	0	0	718
2004	2	0.00884955752212389	719
2004	6	0.0390625	720
2004	0	0	721
2004	18	0.104166666666667	722
2004	2	0.0140350877192982	723
2004	0	0	724
2004	4	0.0277585010409438	725
2004	9	0.0394736842105263	726
2004	0	0	727
2004	2	0.0148588410104012	728
2004	0	0	729
2004	2	0.011001100110011	730
2004	8	0.0663900414937759	731
2004	0	0	732
2004	2	0.0236406619385343	733
2004	3	0.0175233644859813	734
2004	0	0	735
2004	1	0.00803858520900321	736
2004	2	0.0122624156958921	737
2004	0	0	738
2004	0	0	739
2004	11	0.0537634408602151	740
2004	3	0.0226073850791258	741
2004	10	0.0643915003219575	742
2004	0	0	743
2004	5	0.0347222222222222	744
2004	24	0.144927536231884	745
2004	1	0.00778210116731518	746
2004	1	0.00597728631201434	747
2004	38	0.143721633888048	748
2004	2	0.0109529025191676	749
2004	0	0	750
2004	0	0	751
2004	0	0	752
2004	14	0.0717213114754098	753
2004	0	0	754
2004	2	0.0134589502018843	755
2004	0	0	756
2004	0	0	757
2004	19	0.0957661290322581	758
2004	6	0.0493015612161052	759
2004	2	0.0147058823529412	760
2004	1	0.00444839857651246	761
2004	0	0	762
2004	0	0	763
2004	0	0	764
2004	1	0.00742390497401633	765
2004	0	0	766
2004	1	0.00619962802231866	767
2004	4	0.026281208935611	768
2004	1	0.00653167864141084	769
2004	1	0.00862068965517241	770
2004	0	0	771
2004	2	0.0133422281521014	772
2004	1	0.00505816894284269	773
2004	0	0	774
2004	2	0.0136705399863295	775
2004	3	0.0160342063067878	776
2004	0	0	777
2004	0	0	778
2004	8	0.0390815828041036	779
2004	7	0.0460223537146614	780
2004	10	0.050761421319797	781
2004	6	0.0326086956521739	782
2004	0	0	783
2004	7	0.0557768924302789	784
2004	0	0	785
2004	3	0.0163220892274211	786
2004	0	0	787
2004	0	0	788
2004	0	0	789
2001	3	0.0163576881134133	790
2013	1	0.00206654267410622	791
2013	0	0	792
2013	1	0.00247096614776378	793
2013	3	0.00543281419775444	794
2013	0	0	795
2013	3	0.00854457419538593	796
2013	0	0	797
2013	0	0	798
2013	0	0	799
2013	0	0	800
2013	0	0	801
2013	0	0	802
2013	0	0	803
2013	0	0	804
2013	1	0.00215842866393266	805
2013	1	0.00276625172890733	806
2013	0	0	807
2013	0	0	808
2013	0	0	809
2013	0	0	810
2013	0	0	811
2013	0	0	812
2013	2	0.00351493848857645	813
2013	32	0.0951814396192742	814
2013	0	0	815
2013	0	0	816
2013	0	0	817
2013	0	0	818
2013	0	0	819
2013	0	0	820
2013	0	0	821
2013	0	0	822
2013	0	0	823
2013	0	0	824
2013	0	0	825
2013	0	0	826
2013	1	0.00217249619813165	827
2013	0	0	828
2013	0	0	829
2013	0	0	830
2013	0	0	831
2013	0	0	832
2013	0	0	833
2013	0	0	834
2013	0	0	835
2013	0	0	836
2013	0	0	837
2013	0	0	838
2013	0	0	839
2013	0	0	840
2013	1	0.00252397778899546	841
2013	0	0	842
2013	0	0	843
2013	0	0	844
2013	0	0	845
2013	0	0	846
2013	0	0	847
2013	0	0	848
2013	0	0	849
2013	0	0	850
2013	0	0	851
2013	0	0	852
2013	0	0	853
2013	0	0	854
2013	0	0	855
2013	0	0	856
2013	0	0	857
2013	0	0	858
2013	0	0	859
2013	0	0	860
2013	0	0	861
2013	0	0	862
2013	0	0	863
2013	1	0.00235183443085607	864
2013	0	0	865
2013	0	0	866
2013	0	0	867
2013	1	0.00210526315789474	868
2013	0	0	869
2013	0	0	870
2013	10	0.0186393289841566	871
2013	0	0	872
2013	3	0.0064963187527068	873
2013	0	0	874
2013	0	0	875
2013	1	0.00216169476869866	876
2013	0	0	877
2013	0	0	878
2013	1	0.00194817845314631	879
2013	1	0.00296120817293456	880
2013	0	0	881
2013	0	0	882
2013	1	0.00212134068731438	883
2013	0	0	884
2013	2	0.00539228902669183	885
2013	0	0	886
2013	1	0.00219202104340202	887
2013	0	0	888
2013	0	0	889
2013	0	0	890
2013	0	0	891
2013	2	0.00447527411053927	892
2013	1	0.00234962406015038	893
2013	0	0	894
2013	0	0	895
2013	3	0.00703399765533412	896
2013	0	0	897
2013	1	0.00194590387234871	898
2013	0	0	899
2013	0	0	900
2013	0	0	901
2013	0	0	902
2013	0	0	903
2013	1	0.00236016049091338	904
2013	1	0.00234741784037559	905
2013	2	0.00462962962962963	906
2013	0	0	907
2013	0	0	908
2013	1	0.00255102040816327	909
2013	0	0	910
2013	0	0	911
2013	0	0	912
2013	0	0	913
2012	0	0	914
2012	0	0	915
2012	0	0	916
2012	0	0	917
2012	0	0	918
2012	0	0	919
2012	0	0	920
2012	0	0	921
2012	0	0	922
2012	0	0	923
2012	0	0	924
2012	3	0.00671291116580891	925
2012	1	0.00364298724954463	926
2012	0	0	927
2012	0	0	928
2012	0	0	929
2012	0	0	930
2012	0	0	931
2012	0	0	932
2012	0	0	933
2012	0	0	934
2012	0	0	935
2012	0	0	936
2012	0	0	937
2012	0	0	938
2012	0	0	939
2012	0	0	940
2012	0	0	941
2012	0	0	942
2012	0	0	943
2012	0	0	944
2012	0	0	945
2012	0	0	946
2012	0	0	947
2012	4	0.00811688311688312	948
2012	0	0	949
2012	0	0	950
2012	0	0	951
2012	0	0	952
2012	0	0	953
2012	0	0	954
2012	0	0	955
2012	0	0	956
2012	0	0	957
2012	0	0	958
2012	0	0	959
2012	5	0.00809061488673139	960
2012	1	0.00227790432801822	961
2012	1	0.00185804533630621	962
2012	0	0	963
2012	0	0	964
2012	0	0	965
2012	0	0	966
2012	0	0	967
2012	2	0.00584795321637427	968
2012	0	0	969
2012	2	0.00696621386276559	970
2012	1	0.00207125103562552	971
2012	0	0	972
2012	0	0	973
2012	0	0	974
2012	0	0	975
2012	0	0	976
2012	120	0.248395777271786	977
2012	15	0.015495867768595	978
2012	1	0.00134843581445523	979
2012	0	0	980
2012	0	0	981
2012	0	0	982
2012	0	0	983
2012	0	0	984
2012	0	0	985
2012	0	0	986
2012	0	0	987
2012	22	0.0465707027942422	988
2012	0	0	989
2012	1	0.00161603102779573	990
2012	4	0.0122361578464362	991
2012	1	0.00233208955223881	992
2012	7	0.012205754141238	993
2012	7	0.0117904665656055	994
2012	0	0	995
2012	0	0	996
2012	0	0	997
2012	0	0	998
2012	0	0	999
2012	0	0	1000
2012	2	0.00417536534446764	1001
2012	3	0.00667259786476868	1002
2012	2	0.00330797221303341	1003
2012	0	0	1004
2012	1	0.00193798449612403	1005
2012	0	0	1006
2012	3	0.00543872371283539	1007
2012	4	0.00878348704435661	1008
2012	0	0	1009
2012	5	0.00872448089338684	1010
2012	0	0	1011
2012	0	0	1012
2012	2	0.00446528242911364	1013
2012	4	0.00849076629165782	1014
2012	5	0.00746157289956723	1015
2012	11	0.0147770016120365	1016
2012	5	0.00909256228405165	1017
2012	11	0.0181248970176306	1018
2012	7	0.0121929977355861	1019
2012	7	0.0229357798165138	1020
2012	1	0.00183789744532255	1021
2012	0	0	1022
2012	0	0	1023
2012	0	0	1024
2012	0	0	1025
2012	4	0.00925497454881999	1026
2012	10	0.0260213374967473	1027
2012	0	0	1028
2012	0	0	1029
2012	0	0	1030
2012	0	0	1031
2012	8	0.0228245363766049	1032
2012	11	0.0139789045622061	1033
2012	3	0.00384566081271632	1034
2012	3	0.00580158576677625	1035
2012	6	0.0177095631641086	1036
2012	1	0.00348310693138279	1037
2012	30	0.218181818181818	1038
2012	100	0.201005025125628	1039
2012	0	0	1040
2012	1	0.00326157860404436	1041
2012	0	0	1042
2012	0	0	1043
2012	0	0	1044
2012	0	0	1045
2012	4	0.00935234977788169	1046
2012	0	0	1047
2012	1	0.00192270717169775	1048
2012	0	0	1049
2012	0	0	1050
2012	0	0	1051
2012	0	0	1052
2012	0	0	1053
2012	0	0	1054
2012	0	0	1055
2012	4	0.00668002672010688	1056
2012	0	0	1057
2012	2	0.003933910306845	1058
2012	0	0	1059
2012	0	0	1060
2012	0	0	1061
2012	11	0.0176593353668326	1062
2012	32	0.0600826135936913	1063
2012	4	0.0077264825188333	1064
2012	0	0	1065
2014	0	0	1066
2014	0	0	1067
2014	1	0.00328839197632358	1068
2014	0	0	1069
2014	0	0	1070
2014	0	0	1071
2014	0	0	1072
2014	0	0	1073
2014	0	0	1074
2014	0	0	1075
2014	0	0	1076
2014	0	0	1077
2014	0	0	1078
2014	0	0	1079
2014	0	0	1080
2014	0	0	1081
2014	0	0	1082
2014	0	0	1083
2014	4	0.0130463144161774	1084
2014	0	0	1085
2014	0	0	1086
2014	0	0	1087
2014	0	0	1088
2014	0	0	1089
2014	0	0	1090
2014	0	0	1091
2014	0	0	1092
2014	0	0	1093
2014	0	0	1094
2014	0	0	1095
2014	0	0	1096
2014	1	0.00198098256735341	1097
2014	0	0	1098
2014	0	0	1099
2014	0	0	1100
2014	0	0	1101
2014	0	0	1102
2014	0	0	1103
2014	0	0	1104
2014	0	0	1105
2014	0	0	1106
2014	0	0	1107
2014	0	0	1108
2014	0	0	1109
2014	0	0	1110
2014	1	0.00237586124970302	1111
2014	0	0	1112
2014	0	0	1113
2014	3	0.0066283694211224	1114
2014	3	0.00715990453460621	1115
2014	8	0.0209533787323206	1116
2014	0	0	1117
2014	2	0.00453617600362894	1118
2014	1	0.0024588148512417	1119
2014	0	0	1120
2014	2	0.00463929482718627	1121
2014	0	0	1122
2014	0	0	1123
2014	0	0	1124
2014	0	0	1125
2014	8	0.0122530249655384	1126
2014	0	0	1127
2014	0	0	1128
2014	0	0	1129
2014	0	0	1130
2014	0	0	1131
2014	1	0.00188430374976446	1132
2014	0	0	1133
2014	0	0	1134
2014	0	0	1135
2014	0	0	1136
2014	0	0	1137
2014	0	0	1138
2014	1	0.00295159386068477	1139
2014	4	0.0122286762457964	1140
2014	0	0	1141
2014	3	0.00677812923633077	1142
2014	0	0	1143
2014	2	0.00486973459946433	1144
2014	0	0	1145
2014	0	0	1146
2014	0	0	1147
2014	0	0	1148
2014	1	0.00309981401115933	1149
2015	0	0	1150
2015	0	0	1151
2015	0	0	1152
2015	0	0	1153
2015	0	0	1154
2015	0	0	1155
2015	0	0	1156
2015	0	0	1157
2015	1	0.00163907556138338	1158
2015	0	0	1159
2015	0	0	1160
2015	0	0	1161
2015	3	0.00621375310687655	1162
2015	2	0.00429922613929493	1163
2015	0	0	1164
2015	0	0	1165
2015	0	0	1166
2015	0	0	1167
2015	0	0	1168
2015	0	0	1169
2015	0	0	1170
2015	0	0	1171
2015	0	0	1172
2015	0	0	1173
2015	0	0	1174
2015	0	0	1175
2015	0	0	1176
2015	0	0	1177
2015	0	0	1178
2015	0	0	1179
2015	0	0	1180
2015	0	0	1181
2015	0	0	1182
2015	0	0	1183
2015	0	0	1184
2015	6	0.0107739270964266	1185
2015	0	0	1186
2015	0	0	1187
2015	0	0	1188
2015	1	0.00256344527044348	1189
2015	0	0	1190
2015	0	0	1191
2015	0	0	1192
2015	0	0	1193
2015	0	0	1194
2015	0	0	1195
2015	1	0.00173280194073817	1196
2015	0	0	1197
2015	1	0.00155545185876497	1198
2015	0	0	1199
2015	0	0	1200
2015	0	0	1201
2015	0	0	1202
2015	0	0	1203
2015	0	0	1204
2015	0	0	1205
2015	0	0	1206
2015	1	0.00263435194942044	1207
2015	0	0	1208
2015	0	0	1209
2015	0	0	1210
2015	0	0	1211
2015	0	0	1212
2015	0	0	1213
2015	0	0	1214
2015	0	0	1215
2015	2	0.00440819925060613	1216
2015	0	0	1217
2015	2	0.00382701875239189	1218
2015	0	0	1219
2015	0	0	1220
2015	0	0	1221
2015	0	0	1222
2015	1	0.00220507166482911	1223
2015	4	0.00983042516588842	1224
2015	1	0.00230255583697905	1225
2015	0	0	1226
2015	1	0.00243961941937058	1227
2015	0	0	1228
2015	3	0.00673854447439353	1229
2015	13	0.0313253012048193	1230
2015	7	0.0199600798403194	1231
2015	2	0.00588062334607468	1232
2015	9	0.0235602094240838	1233
2015	1	0.00223264121455682	1234
2015	0	0	1235
2015	12	0.0282818760311101	1236
2015	0	0	1237
2015	0	0	1238
2015	0	0	1239
2015	0	0	1240
2015	0	0	1241
2015	3	0.00533997864008544	1242
2015	0	0	1243
2016	3	0.00720461095100865	1244
2016	6	0.0121901665989435	1245
2016	5	0.00834724540901502	1246
2016	0	0	1247
2016	0	0	1248
2016	0	0	1249
2016	0	0	1250
2016	0	0	1251
2016	0	0	1252
2016	0	0	1253
2016	0	0	1254
2016	0	0	1255
2016	0	0	1256
2016	1	0.00204918032786885	1257
2016	0	0	1258
2016	0	0	1259
2016	0	0	1260
2016	0	0	1261
2016	0	0	1262
2016	0	0	1263
2016	0	0	1264
2016	0	0	1265
2016	0	0	1266
2016	0	0	1267
2016	1	0.00167897918065816	1268
2016	0	0	1269
2016	0	0	1270
2016	0	0	1271
2016	0	0	1272
2016	0	0	1273
2016	0	0	1274
2016	0	0	1275
2016	0	0	1276
2016	0	0	1277
2016	0	0	1278
2016	0	0	1279
2016	0	0	1280
2016	0	0	1281
2016	0	0	1282
2016	0	0	1283
2016	0	0	1284
2016	0	0	1285
2016	0	0	1286
2016	25	0.0522138680033417	1287
2016	0	0	1288
2016	1	0.0025693730729702	1289
2016	0	0	1290
2016	0	0	1291
2016	0	0	1292
2016	0	0	1293
2016	0	0	1294
2016	0	0	1295
2016	0	0	1296
2016	0	0	1297
2016	0	0	1298
2016	0	0	1299
2016	0	0	1300
2016	0	0	1301
2016	0	0	1302
2016	0	0	1303
2016	0	0	1304
2016	0	0	1305
2016	1	0.00203252032520325	1306
2016	0	0	1307
2016	3	0.00478392600861107	1308
2016	15	0.0246791707798618	1309
2016	0	0	1310
2016	6	0.0139925373134328	1311
2016	35	0.0668066424890246	1312
2016	4	0.00766871165644172	1313
2016	2	0.00389787565776652	1314
2016	0	0	1315
2016	0	0	1316
2016	0	0	1317
2016	0	0	1318
2016	0	0	1319
2016	0	0	1320
2016	0	0	1321
2016	0	0	1322
2016	33	0.0486438679245283	1323
2016	0	0	1324
2016	0	0	1325
2016	0	0	1326
2016	1	0.00155351871990057	1327
2016	0	0	1328
2016	0	0	1329
2016	0	0	1330
2016	0	0	1331
2016	0	0	1332
2016	0	0	1333
2016	0	0	1334
2016	0	0	1335
2016	1	0.00204331834899877	1336
2016	0	0	1337
2016	1	0.00188359389715577	1338
2017	4	0.00745320875543339	1339
2017	0	0	1340
2017	2	0.00391440909646043	1341
2017	0	0	1342
2017	0	0	1343
2017	41	0.0961423018624405	1344
2017	1	0.00213699323342463	1345
2017	0	0	1346
2017	5	0.00943245307165948	1347
2017	8	0.0128044907910102	1348
2017	0	0	1349
2017	6	0.0142042764341584	1350
2017	2	0.00363156732635298	1351
2017	1	0.00183995619432293	1352
2017	0	0	1353
2017	0	0	1354
2017	3	0.0063246946437426	1355
2017	3	0.00533803270007658	1356
2017	2	0.00459584168244572	1357
2017	1	0.00171568021916785	1358
2017	2	0.00392421554931169	1359
2017	2	0.00384239421120258	1360
2017	1	0.00227236369453615	1361
2017	6	0.0129753744693072	1362
2017	1	0.0022560000577536	1363
2017	6	0.0126949521484937	1364
2017	0	0	1365
2017	19	0.0406583398386677	1366
2017	0	0	1367
2017	0	0	1368
2017	0	0	1369
2017	5	0.00916032771988451	1370
2017	3	0.00745123909138597	1371
2017	0	0	1372
2017	11	0.0221757740554733	1373
2017	3	0.0045594257312103	1374
2017	30	0.0722220510292124	1375
2017	20	0.0389171686981429	1376
2017	0	0	1377
2017	5	0.011878786957282	1378
2017	1	0.00258058655700206	1379
2017	86	0.146851503759399	1380
2017	6	0.0132249009014092	1381
2017	0	0	1382
2017	0	0	1383
2017	1	0.00190484317807084	1384
2017	4	0.00734257518796992	1385
2017	43	0.0751180926293429	1386
2017	16	0.0294508303661622	1387
2017	27	0.057101574819136	1388
2017	0	0	1389
2017	1	0.00256089815820204	1390
2017	0	0	1391
2017	0	0	1392
2017	5	0.0125985204297607	1393
2017	1	0.00270538176183118	1394
2017	0	0	1395
2017	0	0	1396
2017	0	0	1397
2017	2	0.00299888201678414	1398
2017	0	0	1399
2017	0	0	1400
2017	0	0	1401
2017	0	0	1402
2017	0	0	1403
2017	1	0.00206469601067696	1404
2017	2	0.00445426362113815	1405
2017	0	0	1406
2017	0	0	1407
2017	8	0.0182229689589947	1408
2017	1	0.00194344421848666	1409
2017	0	0	1410
2017	0	0	1411
2017	0	0	1412
2017	0	0	1413
2017	0	0	1414
2017	0	0	1415
2017	0	0	1416
2017	0	0	1417
2017	0	0	1418
2017	0	0	1419
2017	1	0.00359544615172207	1420
2017	0	0	1421
2017	0	0	1422
2017	0	0	1423
2017	10	0.0305145981837711	1424
2017	3	0.00949343054606212	1425
2017	1	0.00341267111132952	1426
2017	0	0	1427
2017	0	0	1428
2017	8	0.0182583705499786	1429
